0
125
125
125
125
125
119
94
38
50
14
24
19
22
236
239
225
227
228
228
228
229
229
229
229
228
228
224
233
17
6
12
51
61
35
43
92
77
125
125
125
125
125
125
125
125
125
124
101
109
150
148
147
147
147
147
147
109
125
125
124
125
125
125
115
92
60
10
26
20
235
225
228
229
229
229
229
229
237
27
51
41
88
65
117
125
125
98
105
144
156
134
143
136
180
190
186
167
166
166
185
179
180
136
133
106
125
125
125
125
125
73
42
53
3
18
233
239
225
228
229
229
229
229
229
224
23
24
8
57
85
66
117
125
125
124
106
154
129
137
178
186
163
171
169
169
169
169
171
160
166
176
181
182
138
157
125
125
125
71
46
49
0
17
23
236
224
226
228
228
228
228
229
228
228
239
23
26
54
82
125
125
125
125
121
151
131
141
181
189
167
161
173
169
214
215
214
215
214
168
173
165
189
183
137
143
135
158
110
125
125
125
77
86
59
9
24
17
21
235
238
225
227
228
228
228
228
225
236
20
28
15
53
63
46
93
75
125
125
151
130
141
136
178
189
186
165
161
173
170
168
215
215
215
215
215
172
165
191
136
138
130
144
120
125
125
125
78
46
52
6
18
23
235
238
225
227
228
229
229
229
229
228
226
235
18
30
6
14
12
10
9
51
33
71
125
125
98
144
139
182
177
188
184
163
174
171
168
215
215
215
215
215
215
168
162
190
152
125
125
125
125
125
75
59
0
18
21
235
224
227
228
229
229
229
228
229
228
238
23
17
25
3
12
8
51
56
43
80
67
117
125
125
125
125
109
134
143
136
176
188
166
164
164
164
164
164
164
164
165
178
120
125
125
125
125
125
125
93
10
21
237
225
227
229
229
229
229
229
238
23
17
28
7
3
1
13
52
91
125
125
123
149
140
185
162
175
172
169
215
215
215
215
215
215
168
172
163
178
153
125
125
125
125
125
126
68
39
5
235
226
229
230
230
230
225
25
15
15
15
15
115
125
125
125
125
125
125
125
125
125
125
125
125
123
120
120
120
102
151
129
183
187
167
167
167
184
177
177
178
178
179
129
125
90
48
5
18
233
239
227
229
229
228
228
235
30
11
54
48
47
73
126
125
124
146
128
138
178
187
164
174
169
215
214
215
174
165
177
179
182
128
156
102
125
125
125
77
45
8
19
237
0
125
125
125
125
125
119
94
38
50
14
24
19
22
236
239
225
227
228
228
228
229
229
229
229
228
228
224
233
17
6
12
51
61
35
43
92
77
125
125
125
125
125
125
125
125
125
124
101
109
150
148
147
147
147
147
147
109
125
125
124
125
125
125
115
92
60
10
26
20
235
225
228
229
229
229
229
229
237
27
51
41
88
65
117
125
125
98
105
144
156
134
143
136
180
190
186
167
166
166
185
179
180
136
133
106
125
125
125
125
125
73
42
53
3
18
233
239
225
228
229
229
229
229
229
224
23
24
8
57
85
66
117
125
125
124
106
154
129
137
178
186
163
171
169
169
169
169
171
160
166
176
181
182
138
157
125
125
125
71
46
49
0
17
23
236
224
226
228
228
228
228
229
228
228
239
23
26
54
82
125
125
125
125
121
151
131
141
181
189
167
161
173
169
214
215
214
215
214
168
173
165
189
183
137
143
135
158
110
125
125
125
77
86
59
9
24
17
21
235
238
225
227
228
228
228
228
225
236
20
28
15
53
63
46
93
75
125
125
151
130
141
136
178
189
186
165
161
173
170
168
215
215
215
215
215
172
165
191
136
138
130
144
120
125
125
125
78
46
52
6
18
23
235
238
225
227
228
229
229
229
229
228
226
235
18
30
6
14
12
10
9
51
33
71
125
125
98
144
139
182
177
188
184
163
174
171
168
215
215
215
215
215
215
168
162
190
152
125
125
125
125
125
75
59
0
18
21
235
224
227
228
229
229
229
228
229
228
238
23
17
25
3
12
8
51
56
43
80
67
117
125
125
125
125
109
134
143
136
176
188
166
164
164
164
164
164
164
164
165
178
120
125
125
125
125
125
125
93
10
21
237
225
227
229
229
229
229
229
238
23
17
28
7
3
1
13
52
91
125
125
123
149
140
185
162
175
172
169
215
215
215
215
215
215
168
172
163
178
153
125
125
125
125
125
126
68
39
5
235
226
229
230
230
230
225
25
15
15
15
15
115
125
125
125
125
125
125
125
125
125
125
125
125
123
120
120
120
102
151
129
183
187
167
167
167
184
177
177
178
178
179
129
125
90
48
5
18
233
239
227
229
229
228
228
235
30
11
54
48
47
73
126
125
124
146
128
138
178
187
164
174
169
215
214
215
174
165
177
179
182
128
156
102
125
125
125
77
45
8
19
237
0
125
125
125
125
125
119
94
38
50
14
24
19
22
236
239
225
227
228
228
228
229
229
229
229
228
228
224
233
17
6
12
51
61
35
43
92
77
125
125
125
125
125
125
125
125
125
124
101
109
150
148
147
147
147
147
147
109
125
125
124
125
125
125
115
92
60
10
26
20
235
225
228
229
229
229
229
229
237
27
51
41
88
65
117
125
125
98
105
144
156
134
143
136
180
190
186
167
166
166
185
179
180
136
133
106
125
125
125
125
125
73
42
53
3
18
233
239
225
228
229
229
229
229
229
224
23
24
8
57
85
66
117
125
125
124
106
154
129
137
178
186
163
171
169
169
169
169
171
160
166
176
181
182
138
157
125
125
125
71
46
49
0
17
23
236
224
226
228
228
228
228
229
228
228
239
23
26
54
82
125
125
125
125
121
151
131
141
181
189
167
161
173
169
214
215
214
215
214
168
173
165
189
183
137
143
135
158
110
125
125
125
77
86
59
9
24
17
21
235
238
225
227
228
228
228
228
225
236
20
28
15
53
63
46
93
75
125
125
151
130
141
136
178
189
186
165
161
173
170
168
215
215
215
215
215
172
165
191
136
138
130
144
120
125
125
125
78
46
52
6
18
23
235
238
225
227
228
229
229
229
229
228
226
235
18
30
6
14
12
10
9
51
33
71
125
125
98
144
139
182
177
188
184
163
174
171
168
215
215
215
215
215
215
168
162
190
152
125
125
125
125
125
75
59
0
18
21
235
224
227
228
229
229
229
228
229
228
238
23
17
25
3
12
8
51
56
43
80
67
117
125
125
125
125
109
134
143
136
176
188
166
164
164
164
164
164
164
164
165
178
120
125
125
125
125
125
125
93
10
21
237
225
227
229
229
229
229
229
238
23
17
28
7
3
1
13
52
91
125
125
123
149
140
185
162
175
172
169
215
215
215
215
215
215
168
172
163
178
153
125
125
125
125
125
126
68
39
5
235
226
229
230
230
230
225
25
15
15
15
15
115
125
125
125
125
125
125
125
125
125
125
125
125
123
120
120
120
102
151
129
183
187
167
167
167
184
177
177
178
178
179
129
125
90
48
5
18
233
239
227
229
229
228
228
235
30
11
54
48
47
73
126
125
124
146
128
138
178
187
164
174
169
215
214
215
174
165
177
179
182
128
156
102
125
125
125
77
45
8
19
237
0
125
125
125
125
125
119
94
38
50
14
24
19
22
236
239
225
227
228
228
228
229
229
229
229
228
228
224
233
17
6
12
51
61
35
43
92
77
125
125
125
125
125
125
125
125
125
124
101
109
150
148
147
147
147
147
147
109
125
125
124
125
125
125
115
92
60
10
26
20
235
225
228
229
229
229
229
229
237
27
51
41
88
65
117
125
125
98
105
144
156
134
143
136
180
190
186
167
166
166
185
179
180
136
133
106
125
125
125
125
125
73
42
53
3
18
233
239
225
228
229
229
229
229
229
224
23
24
8
57
85
66
117
125
125
124
106
154
129
137
178
186
163
171
169
169
169
169
171
160
166
176
181
182
138
157
125
125
125
71
46
49
0
17
23
236
224
226
228
228
228
228
229
228
228
239
23
26
54
82
125
125
125
125
121
151
131
141
181
189
167
161
173
169
214
215
214
215
214
168
173
165
189
183
137
143
135
158
110
125
125
125
77
86
59
9
24
17
21
235
238
225
227
228
228
228
228
225
236
20
28
15
53
63
46
93
75
125
125
151
130
141
136
178
189
186
165
161
173
170
168
215
215
215
215
215
172
165
191
136
138
130
144
120
125
125
125
78
46
52
6
18
23
235
238
225
227
228
229
229
229
229
228
226
235
18
30
6
14
12
10
9
51
33
71
125
125
98
144
139
182
177
188
184
163
174
171
168
215
215
215
215
215
215
168
162
190
152
125
125
125
125
125
75
59
0
18
21
235
224
227
228
229
229
229
228
229
228
238
23
17
25
3
12
8
51
56
43
80
67
117
125
125
125
125
109
134
143
136
176
188
166
164
164
164
164
164
164
164
165
178
120
125
125
125
125
125
125
93
10
21
237
225
227
229
229
229
229
229
238
23
17
28
7
3
1
13
52
91
125
125
123
149
140
185
162
175
172
169
215
215
215
215
215
215
168
172
163
178
153
125
125
125
125
125
126
68
39
5
235
226
229
230
230
230
225
25
15
15
15
15
115
125
125
125
125
125
125
125
125
125
125
125
125
123
120
120
120
102
151
129
183
187
167
167
167
184
177
177
178
178
179
129
125
90
48
5
18
233
239
227
229
229
228
228
235
30
11
54
48
47
73
126
125
124
146
128
138
178
187
164
174
169
215
214
215
174
165
177
179
182
128
156
102
125
125
125
77
45
8
19
237
0
125
125
125
125
125
119
94
38
50
14
24
19
22
236
239
225
227
228
228
228
229
229
229
229
228
228
224
233
17
6
12
51
61
35
43
92
77
125
125
125
125
125
125
125
125
125
124
101
109
150
148
147
147
147
147
147
109
125
125
124
125
125
125
115
92
60
10
26
20
235
225
228
229
229
229
229
229
237
27
51
41
88
65
117
125
125
98
105
144
156
134
143
136
180
190
186
167
166
166
185
179
180
136
133
106
125
125
125
125
125
73
42
53
3
18
233
239
225
228
229
229
229
229
229
224
23
24
8
57
85
66
117
125
125
124
106
154
129
137
178
186
163
171
169
169
169
169
171
160
166
176
181
182
138
157
125
125
125
71
46
49
0
17
23
236
224
226
228
228
228
228
229
228
228
239
23
26
54
82
125
125
125
125
121
151
131
141
181
189
167
161
173
169
214
215
214
215
214
168
173
165
189
183
137
143
135
158
110
125
125
125
77
86
59
9
24
17
21
235
238
225
227
228
228
228
228
225
236
20
28
15
53
63
46
93
75
125
125
151
130
141
136
178
189
186
165
161
173
170
168
215
215
215
215
215
172
165
191
136
138
130
144
120
125
125
125
78
46
52
6
18
23
235
238
225
227
228
229
229
229
229
228
226
235
18
30
6
14
12
10
9
51
33
71
125
125
98
144
139
182
177
188
184
163
174
171
168
215
215
215
215
215
215
168
162
190
152
125
125
125
125
125
75
59
0
18
21
235
224
227
228
229
229
229
228
229
228
238
23
17
25
3
12
8
51
56
43
80
67
117
125
125
125
125
109
134
143
136
176
188
166
164
164
164
164
164
164
164
165
178
120
125
125
125
125
125
125
93
10
21
237
225
227
229
229
229
229
229
238
23
17
28
7
3
1
13
52
91
125
125
123
149
140
185
162
175
172
169
215
215
215
215
215
215
168
172
163
178
153
125
125
125
125
125
126
68
39
5
235
226
229
230
230
230
225
25
15
15
15
15
115
125
125
125
125
125
125
125
125
125
125
125
125
123
120
120
120
102
151
129
183
187
167
167
167
184
177
177
178
178
179
129
125
90
48
5
18
233
239
227
229
229
228
228
235
30
11
54
48
47
73
126
125
124
146
128
138
178
187
164
174
169
215
214
215
174
165
177
179
182
128
156
102
125
125
125
77
45
8
19
237
0
125
125
125
125
125
119
94
38
50
14
24
19
22
236
239
225
227
228
228
228
229
229
229
229
228
228
224
233
17
6
12
51
61
35
43
92
77
125
125
125
125
125
125
125
125
125
124
101
109
150
148
147
147
147
147
147
109
125
125
124
125
125
125
115
92
60
10
26
20
235
225
228
229
229
229
229
229
237
27
51
41
88
65
117
125
125
98
105
144
156
134
143
136
180
190
186
167
166
166
185
179
180
136
133
106
125
125
125
125
125
73
42
53
3
18
233
239
225
228
229
229
229
229
229
224
23
24
8
57
85
66
117
125
125
124
106
154
129
137
178
186
163
171
169
169
169
169
171
160
166
176
181
182
138
157
125
125
125
71
46
49
0
17
23
236
224
226
228
228
228
228
229
228
228
239
23
26
54
82
125
125
125
125
121
151
131
141
181
189
167
161
173
169
214
215
214
215
214
168
173
165
189
183
137
143
135
158
110
125
125
125
77
86
59
9
24
17
21
235
238
225
227
228
228
228
228
225
236
20
28
15
53
63
46
93
75
125
125
151
130
141
136
178
189
186
165
161
173
170
168
215
215
215
215
215
172
165
191
136
138
130
144
120
125
125
125
78
46
52
6
18
23
235
238
225
227
228
229
229
229
229
228
226
235
18
30
6
14
12
10
9
51
33
71
125
125
98
144
139
182
177
188
184
163
174
171
168
215
215
215
215
215
215
168
162
190
152
125
125
125
125
125
75
59
0
18
21
235
224
227
228
229
229
229
228
229
228
238
23
17
25
3
12
8
51
56
43
80
67
117
125
125
125
125
109
134
143
136
176
188
166
164
164
164
164
164
164
164
165
178
120
125
125
125
125
125
125
93
10
21
237
225
227
229
229
229
229
229
238
23
17
28
7
3
1
13
52
91
125
125
123
149
140
185
162
175
172
169
215
215
215
215
215
215
168
172
163
178
153
125
125
125
125
125
126
68
39
5
235
226
229
230
230
230
225
25
15
15
15
15
115
125
125
125
125
125
125
125
125
125
125
125
125
123
120
120
120
102
151
129
183
187
167
167
167
184
177
177
178
178
179
129
125
90
48
5
18
233
239
227
229
229
228
228
235
30
11
54
48
47
73
126
125
124
146
128
138
178
187
164
174
169
215
214
215
174
165
177
179
182
128
156
102
125
125
125
77
45
8
19
237
0
125
125
125
125
125
119
94
38
50
14
24
19
22
236
239
225
227
228
228
228
229
229
229
229
228
228
224
233
17
6
12
51
61
35
43
92
77
125
125
125
125
125
125
125
125
125
124
101
109
150
148
147
147
147
147
147
109
125
125
124
125
125
125
115
92
60
10
26
20
235
225
228
229
229
229
229
229
237
27
51
41
88
65
117
125
125
98
105
144
156
134
143
136
180
190
186
167
166
166
185
179
180
136
133
106
125
125
125
125
125
73
42
53
3
18
233
239
225
228
229
229
229
229
229
224
23
24
8
57
85
66
117
125
125
124
106
154
129
137
178
186
163
171
169
169
169
169
171
160
166
176
181
182
138
157
125
125
125
71
46
49
0
17
23
236
224
226
228
228
228
228
229
228
228
239
23
26
54
82
125
125
125
125
121
151
131
141
181
189
167
161
173
169
214
215
214
215
214
168
173
165
189
183
137
143
135
158
110
125
125
125
77
86
59
9
24
17
21
235
238
225
227
228
228
228
228
225
236
20
28
15
53
63
46
93
75
125
125
151
130
141
136
178
189
186
165
161
173
170
168
215
215
215
215
215
172
165
191
136
138
130
144
120
125
125
125
78
46
52
6
18
23
235
238
225
227
228
229
229
229
229
228
226
235
18
30
6
14
12
10
9
51
33
71
125
125
98
144
139
182
177
188
184
163
174
171
168
215
215
215
215
215
215
168
162
190
152
125
125
125
125
125
75
59
0
18
21
235
224
227
228
229
229
229
228
229
228
238
23
17
25
3
12
8
51
56
43
80
67
117
125
125
125
125
109
134
143
136
176
188
166
164
164
164
164
164
164
164
165
178
120
125
125
125
125
125
125
93
10
21
237
225
227
229
229
229
229
229
238
23
17
28
7
3
1
13
52
91
125
125
123
149
140
185
162
175
172
169
215
215
215
215
215
215
168
172
163
178
153
125
125
125
125
125
126
68
39
5
235
226
229
230
230
230
225
25
15
15
15
15
115
125
125
125
125
125
125
125
125
125
125
125
125
123
120
120
120
102
151
129
183
187
167
167
167
184
177
177
178
178
179
129
125
90
48
5
18
233
239
227
229
229
228
228
235
30
11
54
48
47
73
126
125
124
146
128
138
178
187
164
174
169
215
214
215
174
165
177
179
182
128
156
102
125
125
125
77
45
8
19
237
0
125
125
125
125
125
119
94
38
50
14
24
19
22
236
239
225
227
228
228
228
229
229
229
229
228
228
224
233
17
6
12
51
61
35
43
92
77
125
125
125
125
125
125
125
125
125
124
101
109
150
148
147
147
147
147
147
109
125
125
124
125
125
125
115
92
60
10
26
20
235
225
228
229
229
229
229
229
237
27
51
41
88
65
117
125
125
98
105
144
156
134
143
136
180
190
186
167
166
166
185
179
180
136
133
106
125
125
125
125
125
73
42
53
3
18
233
239
225
228
229
229
229
229
229
224
23
24
8
57
85
66
117
125
125
124
106
154
129
137
178
186
163
171
169
169
169
169
171
160
166
176
181
182
138
157
125
125
125
71
46
49
0
17
23
236
224
226
228
228
228
228
229
228
228
239
23
26
54
82
125
125
125
125
121
151
131
141
181
189
167
161
173
169
214
215
214
215
214
168
173
165
189
183
137
143
135
158
110
125
125
125
77
86
59
9
24
17
21
235
238
225
227
228
228
228
228
225
236
20
28
15
53
63
46
93
75
125
125
151
130
141
136
178
189
186
165
161
173
170
168
215
215
215
215
215
172
165
191
136
138
130
144
120
125
125
125
78
46
52
6
18
23
235
238
225
227
228
229
229
229
229
228
226
235
18
30
6
14
12
10
9
51
33
71
125
125
98
144
139
182
177
188
184
163
174
171
168
215
215
215
215
215
215
168
162
190
152
125
125
125
125
125
75
59
0
18
21
235
224
227
228
229
229
229
228
229
228
238
23
17
25
3
12
8
51
56
43
80
67
117
125
125
125
125
109
134
143
136
176
188
166
164
164
164
164
164
164
164
165
178
120
125
125
125
125
125
125
93
10
21
237
225
227
229
229
229
229
229
238
23
17
28
7
3
1
13
52
91
125
125
123
149
140
185
162
175
172
169
215
215
215
215
215
215
168
172
163
178
153
125
125
125
125
125
126
68
39
5
235
226
229
230
230
230
225
25
15
15
15
15
115
125
125
125
125
125
125
125
125
125
125
125
125
123
120
120
120
102
151
129
183
187
167
167
167
184
177
177
178
178
179
129
125
90
48
5
18
233
239
227
229
229
228
228
235
30
11
54
48
47
73
126
125
124
146
128
138
178
187
164
174
169
215
214
215
174
165
177
179
182
128
156
102
125
125
125
77
45
8
19
237
0
125
125
125
125
125
119
94
38
50
14
24
19
22
236
239
225
227
228
228
228
229
229
229
229
228
228
224
233
17
6
12
51
61
35
43
92
77
125
125
125
125
125
125
125
125
125
124
101
109
150
148
147
147
147
147
147
109
125
125
124
125
125
125
115
92
60
10
26
20
235
225
228
229
229
229
229
229
237
27
51
41
88
65
117
125
125
98
105
144
156
134
143
136
180
190
186
167
166
166
185
179
180
136
133
106
125
125
125
125
125
73
42
53
3
18
233
239
225
228
229
229
229
229
229
224
23
24
8
57
85
66
117
125
125
124
106
154
129
137
178
186
163
171
169
169
169
169
171
160
166
176
181
182
138
157
125
125
125
71
46
49
0
17
23
236
224
226
228
228
228
228
229
228
228
239
23
26
54
82
125
125
125
125
121
151
131
141
181
189
167
161
173
169
214
215
214
215
214
168
173
165
189
183
137
143
135
158
110
125
125
125
77
86
59
9
24
17
21
235
238
225
227
228
228
228
228
225
236
20
28
15
53
63
46
93
75
125
125
151
130
141
136
178
189
186
165
161
173
170
168
215
215
215
215
215
172
165
191
136
138
130
144
120
125
125
125
78
46
52
6
18
23
235
238
225
227
228
229
229
229
229
228
226
235
18
30
6
14
12
10
9
51
33
71
125
125
98
144
139
182
177
188
184
163
174
171
168
215
215
215
215
215
215
168
162
190
152
125
125
125
125
125
75
59
0
18
21
235
224
227
228
229
229
229
228
229
228
238
23
17
25
3
12
8
51
56
43
80
67
117
125
125
125
125
109
134
143
136
176
188
166
164
164
164
164
164
164
164
165
178
120
125
125
125
125
125
125
93
10
21
237
225
227
229
229
229
229
229
238
23
17
28
7
3
1
13
52
91
125
125
123
149
140
185
162
175
172
169
215
215
215
215
215
215
168
172
163
178
153
125
125
125
125
125
126
68
39
5
235
226
229
230
230
230
225
25
15
15
15
15
115
125
125
125
125
125
125
125
125
125
125
125
125
123
120
120
120
102
151
129
183
187
167
167
167
184
177
177
178
178
179
129
125
90
48
5
18
233
239
227
229
229
228
228
235
30
11
54
48
47
73
126
125
124
146
128
138
178
187
164
174
169
215
214
215
174
165
177
179
182
128
156
102
125
125
125
77
45
8
19
237
0
125
125
125
125
125
119
94
38
50
14
24
19
22
236
239
225
227
228
228
228
229
229
229
229
228
228
224
233
17
6
12
51
61
35
43
92
77
125
125
125
125
125
125
125
125
125
124
101
109
150
148
147
147
147
147
147
109
125
125
124
125
125
125
115
92
60
10
26
20
235
225
228
229
229
229
229
229
237
27
51
41
88
65
117
125
125
98
105
144
156
134
143
136
180
190
186
167
166
166
185
179
180
136
133
106
125
125
125
125
125
73
42
53
3
18
233
239
225
228
229
229
229
229
229
224
23
24
8
57
85
66
117
125
125
124
106
154
129
137
178
186
163
171
169
169
169
169
171
160
166
176
181
182
138
157
125
125
125
71
46
49
0
17
23
236
224
226
228
228
228
228
229
228
228
239
23
26
54
82
125
125
125
125
121
151
131
141
181
189
167
161
173
169
214
215
214
215
214
168
173
165
189
183
137
143
135
158
110
125
125
125
77
86
59
9
24
17
21
235
238
225
227
228
228
228
228
225
236
20
28
15
53
63
46
93
75
125
125
151
130
141
136
178
189
186
165
161
173
170
168
215
215
215
215
215
172
165
191
136
138
130
144
120
125
125
125
78
46
52
6
18
23
235
238
225
227
228
229
229
229
229
228
226
235
18
30
6
14
12
10
9
51
33
71
125
125
98
144
139
182
177
188
184
163
174
171
168
215
215
215
215
215
215
168
162
190
152
125
125
125
125
125
75
59
0
18
21
235
224
227
228
229
229
229
228
229
228
238
23
17
25
3
12
8
51
56
43
80
67
117
125
125
125
125
109
134
143
136
176
188
166
164
164
164
164
164
164
164
165
178
120
125
125
125
125
125
125
93
10
21
237
225
227
229
229
229
229
229
238
23
17
28
7
3
1
13
52
91
125
125
123
149
140
185
162
175
172
169
215
215
215
215
215
215
168
172
163
178
153
125
125
125
125
125
126
68
39
5
235
226
229
230
230
230
225
25
15
15
15
15
115
125
125
125
125
125
125
125
125
125
125
125
125
123
120
120
120
102
151
129
183
187
167
167
167
184
177
177
178
178
179
129
125
90
48
5
18
233
239
227
229
229
228
228
235
30
11
54
48
47
73
126
125
124
146
128
138
178
187
164
174
169
215
214
215
174
165
177
179
182
128
156
102
125
125
125
77
45
8
19
237
0
125
125
125
125
125
119
94
38
50
14
24
19
22
236
239
225
227
228
228
228
229
229
229
229
228
228
224
233
17
6
12
51
61
35
43
92
77
125
125
125
125
125
125
125
125
125
124
101
109
150
148
147
147
147
147
147
109
125
125
124
125
125
125
115
92
60
10
26
20
235
225
228
229
229
229
229
229
237
27
51
41
88
65
117
125
125
98
105
144
156
134
143
136
180
190
186
167
166
166
185
179
180
136
133
106
125
125
125
125
125
73
42
53
3
18
233
239
225
228
229
229
229
229
229
224
23
24
8
57
85
66
117
125
125
124
106
154
129
137
178
186
163
171
169
169
169
169
171
160
166
176
181
182
138
157
125
125
125
71
46
49
0
17
23
236
224
226
228
228
228
228
229
228
228
239
23
26
54
82
125
125
125
125
121
151
131
141
181
189
167
161
173
169
214
215
214
215
214
168
173
165
189
183
137
143
135
158
110
125
125
125
77
86
59
9
24
17
21
235
238
225
227
228
228
228
228
225
236
20
28
15
53
63
46
93
75
125
125
151
130
141
136
178
189
186
165
161
173
170
168
215
215
215
215
215
172
165
191
136
138
130
144
120
125
125
125
78
46
52
6
18
23
235
238
225
227
228
229
229
229
229
228
226
235
18
30
6
14
12
10
9
51
33
71
125
125
98
144
139
182
177
188
184
163
174
171
168
215
215
215
215
215
215
168
162
190
152
125
125
125
125
125
75
59
0
18
21
235
224
227
228
229
229
229
228
229
228
238
23
17
25
3
12
8
51
56
43
80
67
117
125
125
125
125
109
134
143
136
176
188
166
164
164
164
164
164
164
164
165
178
120
125
125
125
125
125
125
93
10
21
237
225
227
229
229
229
229
229
238
23
17
28
7
3
1
13
52
91
125
125
123
149
140
185
162
175
172
169
215
215
215
215
215
215
168
172
163
178
153
125
125
125
125
125
126
68
39
5
235
226
229
230
230
230
225
25
15
15
15
15
115
125
125
125
125
125
125
125
125
125
125
125
125
123
120
120
120
102
151
129
183
187
167
167
167
184
177
177
178
178
179
129
125
90
48
5
18
233
239
227
229
229
228
228
235
30
11
54
48
47
73
126
125
124
146
128
138
178
187
164
174
169
215
214
215
174
165
177
179
182
128
156
102
125
125
125
77
45
8
19
237
0
125
125
125
125
125
119
94
38
50
14
24
19
22
236
239
225
227
228
228
228
229
229
229
229
228
228
224
233
17
6
12
51
61
35
43
92
77
125
125
125
125
125
125
125
125
125
124
101
109
150
148
147
147
147
147
147
109
125
125
124
125
125
125
115
92
60
10
26
20
235
225
228
229
229
229
229
229
237
27
51
41
88
65
117
125
125
98
105
144
156
134
143
136
180
190
186
167
166
166
185
179
180
136
133
106
125
125
125
125
125
73
42
53
3
18
233
239
225
228
229
229
229
229
229
224
23
24
8
57
85
66
117
125
125
124
106
154
129
137
178
186
163
171
169
169
169
169
171
160
166
176
181
182
138
157
125
125
125
71
46
49
0
17
23
236
224
226
228
228
228
228
229
228
228
239
23
26
54
82
125
125
125
125
121
151
131
141
181
189
167
161
173
169
214
215
214
215
214
168
173
165
189
183
137
143
135
158
110
125
125
125
77
86
59
9
24
17
21
235
238
225
227
228
228
228
228
225
236
20
28
15
53
63
46
93
75
125
125
151
130
141
136
178
189
186
165
161
173
170
168
215
215
215
215
215
172
165
191
136
138
130
144
120
125
125
125
78
46
52
6
18
23
235
238
225
227
228
229
229
229
229
228
226
235
18
30
6
14
12
10
9
51
33
71
125
125
98
144
139
182
177
188
184
163
174
171
168
215
215
215
215
215
215
168
162
190
152
125
125
125
125
125
75
59
0
18
21
235
224
227
228
229
229
229
228
229
228
238
23
17
25
3
12
8
51
56
43
80
67
117
125
125
125
125
109
134
143
136
176
188
166
164
164
164
164
164
164
164
165
178
120
125
125
125
125
125
125
93
10
21
237
225
227
229
229
229
229
229
238
23
17
28
7
3
1
13
52
91
125
125
123
149
140
185
162
175
172
169
215
215
215
215
215
215
168
172
163
178
153
125
125
125
125
125
126
68
39
5
235
226
229
230
230
230
225
25
15
15
15
15
115
125
125
125
125
125
125
125
125
125
125
125
125
123
120
120
120
102
151
129
183
187
167
167
167
184
177
177
178
178
179
129
125
90
48
5
18
233
239
227
229
229
228
228
235
30
11
54
48
47
73
126
125
124
146
128
138
178
187
164
174
169
215
214
215
174
165
177
179
182
128
156
102
125
125
125
77
45
8
19
237

