125  
125  
124  
125  
125  
124  
125  
125  
125  
125  
125  
125  
125  
125  
125  
125  
125  
125  
125  
125  
125  
125  
125  
125  
125  
125  
125  
125  
125  
125  
125  
125  
125  
125  
125  
125  
72  
75  
75  
75  
75  
75  
75  
75  
75  
75  
75  
75  
75  
75
75
75  
75
75
127  
125  
125  
125  
125  
125  
125  
125  
125  
125  
125  
125  
125  
125  
125  
125  
125  
125  
125  
125  
125  
125  
125  
125  
125  
125  
125  
125  
125  
125  
125  
125  
125  
125  
125  
125  
125  
114  
78  
78  
78  
78  
78  
78  
78  
78  
78  
78  
78  
78  
78  
115  
125  
125  
125  
125  
125  
124  
125  
125  
125  
125  
125  
125  
125  
125  
125  
125  
125  
125  
125  
125  
125  
125  
125  
125  
125  
125  
125  
125  
125  
125  
125  
125  
125  
126  
74  
66  
66  
66  
66  
66  
66  
66  
66  
66  
66  
66  
66  
74  
125  
125  
125  
125  
125  
125  
125  
125  
125  
125  
125  
125  
125  
125  
125  
125  
125  
125  
125  
125  
125  
125  
125  
125  
125  
125  
125  
125  
125  
125  
125  
125  
125  
125  
125  
125  
126  
75  
71  
88  
88  
88  
88  
88  
88  
88  
88  
88  
91  
92  
92  
68  
126  
125  
125  
125  
125  
125  
125  
125  
125  
125  
125  
125  
125  
125  
125  
125  
125  
125  
125  
125  
125  
125  
125  
125  
125  
125  
125  
125  
125  
125  
125  
125  
125  
115  
75  
76  
76  
76  
76  
76  
76  
76  
76  
76  
116  
125  
125  
125  
125  
124  
125  
125  
125  
125  
125  
125  
125  
125  
125  
125  
125  
125  
125  
125  
125  
125  
125  
125  
125  
125  
125  
125  
125  
125  
125  
125  
125  
125  
126  
126  
126  
126  
126  
126  
126  
126  
126  
126  
126  
126  
125  
125  
125  
125  
125  
125  
125  
125  
125  
125  
125  
125  
125  
125  
125  
125  
125  
125  
125  
125  
125  
125  
125  
125  
125  
125  
125  
125  
125  
125  
125  
125  
125  
125  
125  
125  
112  
72  
66  
66  
66  
66  
66  
66  
66  
66  
66  
66  
119  
125  
125  
125  
125  
125  
125  
125  
125  
125  
125  
125  
125  
125  
125  
125  
125  
125  
125  
125  
125  
125  
125  
125  
125  
125  
125  
125  
125  
125  
125  
125  
125  
125  
125  
125  
112  
127  
127  
127  
127  
127  
127  
125  
125  
125  
124  
125  
125  
125  
125  
125  
125  
125  
125  
125  
125  
125  
125  
125  
125  
125  
125  
125  
125  
125  
125  
125  
125  
125  
125  
125  
125  
125  
125  
125  
125  
125  
125  
125  
125  
125  
125  
125  
125  
125  
125  
125  
125  
112  
115  
114  
114  
114  
125  
125  
125  
125  
125  
125  
125  
125  
125  
125  
125  
125  
125  
125  
125  
125  
125  
125  
125  
125  
125  
125  
125  
125  
125  
125  
125  
125  
125  
125  
125  
125  
125  
125  
125  
125  
125  
125  
118  
64  
64  
64  
79  
64  
64  
116  
125  
125  
124  
124  
124  
124  
125  
125  
125  
125  
125  
125  
125  
127  
119  
73  
74  
74  
125 
