212
212
212
213
212
212
170
97
125
125
125
127
77
36
230
230
230
230
230
230
230
230
230
4
125
125
124
125
124
149
133
182
165
213
212
212
213
212
212
212
212
212
212
212
131
125
125
125
125
125
112
67
53
229
229
229
229
229
229
229
237
79
125
125
125
125
150
128
186
211
211
211
211
211
211
211
211
214
148
125
125
125
126
72
87
20
229
229
229
229
229
229
229
237
64
125
125
125
98
159
142
185
210
210
210
210
210
210
210
210
190
125
125
125
125
127
78
32
229
229
229
229
229
229
229
229
48
125
125
102
135
164
213
213
213
213
213
213
213
213
212
213
212
179
125
114
32
230
230
230
230
230
230
125
125
123
135
179
189
190
102
125
45
230
230
230
230
18
125
97
187
169
168
174
125
81
229
229
229
229
46
125
102
153
131
133
125
49
230
230
151
125
125
157
168
168
168
168
165
151
125
125
125
125
125
125
125
125
125
52
227
125
125
125
125
125
125
125
125
124
125
125
125
125
124
125
125
125
125
57
227
227
228
8
125
124
110
132
190
173
170
188
125
95
234
234
235
49
125
125
103
106
149
148
148
125
125
34
226
226
226
76
125
157
168
215
168
215
215
154
125
43
232
227
227
86
125
121
190
172
172
172
172
172
102
75
226
226
227
226
238
125
125
125
110
182
209
209
209
209
209
209
209
209
168
125
95
13
6
6
6
9
87
119
125
125
125
212
211
210
211
210
210
210
125
74
55
226
226
226
226
227
226
44
125
154
170
170
170
170
169
170
180
73
19
227
227
227
226
226
27
116
125
154
214
214
214
214
213
214
107
85
226
73
125
125
125
125
125
125
125
125
125
125
125
125
125
125
125
125
125
125
125
125
143
169
170
169
170
170
169
165
125
125
78
45
35
35
35
58
3
233
229
229
229
229
43
125
125
102
131
163
173
172
172
172
171
171
170
169
169
169
169
136
125
125
125
125
125
125
125
90
20
229
229
229
229
14
125
125
125
125
125
124
146
190
209
209
209
209
209
209
209
209
209
209
209
209
175
125
125
125
125
125
125
125
125
118
83
27
226
226
226
226
226
226
225
239
92
125
125
125
125
99
144
129
178
171
214
213
214
213
214
214
213
214
214
214
171
120
125
125
125
125
125
115
10
212
212
212
213
212
212
170
97
125
125
125
127
77
36
230
230
230
230
230
230
230
230
230
4
125
125
124
125
124
149
133
182
165
213
212
212
213
212
212
212
212
212
212
212
131
125
125
125
125
125
112
67
53
229
229
229
229
229
229
229
237
79
125
125
125
125
150
128
186
211
211
211
211
211
211
211
211
214
148
125
125
125
126
72
87
20
229
229
229
229
229
229
229
237
64
125
125
125
98
159
142
185
210
210
210
210
210
210
210
210
190
125
125
125
125
127
78
32
229
229
229
229
229
229
229
229
48
125
125
102
135
164
213
213
213
213
213
213
213
213
212
213
212
179
125
114
32
230
230
230
230
230
230
125
125
123
135
179
189
190
102
125
45
230
230
230
230
18
125
97
187
169
168
174
125
81
229
229
229
229
46
125
102
153
131
133
125
49
230
230
151
125
125
157
168
168
168
168
165
151
125
125
125
125
125
125
125
125
125
52
227
125
125
125
125
125
125
125
125
124
125
125
125
125
124
125
125
125
125
57
227
227
228
8
125
124
110
132
190
173
170
188
125
95
234
234
235
49
125
125
103
106
149
148
148
125
125
34
226
226
226
76
125
157
168
215
168
215
215
154
125
43
232
227
227
86
125
121
190
172
172
172
172
172
102
75
226
226
227
226
238
125
125
125
110
182
209
209
209
209
209
209
209
209
168
125
95
13
6
6
6
9
87
119
125
125
125
212
211
210
211
210
210
210
125
74
55
226
226
226
226
227
226
44
125
154
170
170
170
170
169
170
180
73
19
227
227
227
226
226
27
116
125
154
214
214
214
214
213
214
107
85
226
73
125
125
125
125
125
125
125
125
125
125
125
125
125
125
125
125
125
125
125
125
143
169
170
169
170
170
169
165
125
125
78
45
35
35
35
58
3
233
229
229
229
229
43
125
125
102
131
163
173
172
172
172
171
171
170
169
169
169
169
136
125
125
125
125
125
125
125
90
20
229
229
229
229
14
125
125
125
125
125
124
146
190
209
209
209
209
209
209
209
209
209
209
209
209
175
125
125
125
125
125
125
125
125
118
83
27
226
226
226
226
226
226
225
239
92
125
125
125
125
99
144
129
178
171
214
213
214
213
214
214
213
214
214
214
171
120
125
125
125
125
125
115
10
212
212
212
213
212
212
170
97
125
125
125
127
77
36
230
230
230
230
230
230
230
230
230
4
125
125
124
125
124
149
133
182
165
213
212
212
213
212
212
212
212
212
212
212
131
125
125
125
125
125
112
67
53
229
229
229
229
229
229
229
237
79
125
125
125
125
150
128
186
211
211
211
211
211
211
211
211
214
148
125
125
125
126
72
87
20
229
229
229
229
229
229
229
237
64
125
125
125
98
159
142
185
210
210
210
210
210
210
210
210
190
125
125
125
125
127
78
32
229
229
229
229
229
229
229
229
48
125
125
102
135
164
213
213
213
213
213
213
213
213
212
213
212
179
125
114
32
230
230
230
230
230
230
125
125
123
135
179
189
190
102
125
45
230
230
230
230
18
125
97
187
169
168
174
125
81
229
229
229
229
46
125
102
153
131
133
125
49
230
230
151
125
125
157
168
168
168
168
165
151
125
125
125
125
125
125
125
125
125
52
227
125
125
125
125
125
125
125
125
124
125
125
125
125
124
125
125
125
125
57
227
227
228
8
125
124
110
132
190
173
170
188
125
95
234
234
235
49
125
125
103
106
149
148
148
125
125
34
226
226
226
76
125
157
168
215
168
215
215
154
125
43
232
227
227
86
125
121
190
172
172
172
172
172
102
75
226
226
227
226
238
125
125
125
110
182
209
209
209
209
209
209
209
209
168
125
95
13
6
6
6
9
87
119
125
125
125
212
211
210
211
210
210
210
125
74
55
226
226
226
226
227
226
44
125
154
170
170
170
170
169
170
180
73
19
227
227
227
226
226
27
116
125
154
214
214
214
214
213
214
107
85
226
73
125
125
125
125
125
125
125
125
125
125
125
125
125
125
125
125
125
125
125
125
143
169
170
169
170
170
169
165
125
125
78
45
35
35
35
58
3
233
229
229
229
229
43
125
125
102
131
163
173
172
172
172
171
171
170
169
169
169
169
136
125
125
125
125
125
125
125
90
20
229
229
229
229
14
125
125
125
125
125
124
146
190
209
209
209
209
209
209
209
209
209
209
209
209
175
125
125
125
125
125
125
125
125
118
83
27
226
226
226
226
226
226
225
239
92
125
125
125
125
99
144
129
178
171
214
213
214
213
214
214
213
214
214
214
171
120
125
125
125
125
125
115
