68
120
120
120
121
125
125
125
72
43
51
13
13
13
51
60
32
87
95
90
70
76
113
125
125
100
145
138
186
173
173
163
189
190
176
176
178
130
100
125
112
73
74
76
67
93
83
86
86
86
86
87
86
85
90
73
125
125
125
98
149
142
177
176
176
176
177
177
177
176
177
152
125
125
125
125
125
125
127
114
115
118
74
76
64
69
91
81
40
33
63
52
53
53
61
88
126
125
125
126
125
125
125
126
125
125
125
125
125
125
125
125
125
125
125
125
125
125
125
125
125
125
125
124
125
125
125
125
125
125
125
125
125
125
125
125
125
125
125
125
125
125
98
159
130
179
176
191
189
186
185
166
161
172
214
214
214
175
186
179
130
151
123
125
125
125
125
74
43
50
6
24
24
25
25
28
31
31
31
31
31
30
28
28
27
27
27
51
116
125
124
125
125
125
124
125
125
125
125
125
125
125
125
125
125
125
125
125
126
116
119
79
88
89
89
89
89
88
88
75
125
125
125
125
125
100
148
147
147
147
146
146
146
147
159
143
177
187
186
190
182
139
139
140
140
139
140
140
140
140
142
128
128
130
152
102
125
125
125
125
125
125
125
125
125
125
125
125
125
125
125
125
125
125
126
114
119
66
89
89
89
89
89
89
89
90
94
95
76
125
125
125
125
125
125
125
125
125
125
125
125
78
86
36
9
7
26
29
16
19
21
21
21
21
21
22
234
238
238
42
125
125
124
146
180
187
187
187
187
186
186
186
186
187
138
108
125
125
125
125
125
125
125
125
125
125
125
125
125
125
125
125
125
125
125
125
125
125
125
125
125
125
125
125
125
125
125
125
125
125
125
125
125
125
125
125
125
125
125
125
125
125
121
105
154
143
139
183
182
182
183
182
183
141
155
110
125
125
66
43
36
36
41
76
112
126
126
126
126
125
125
124
124
138
176
181
158
100
125
125
125
125
78
90
92
95
83
41
61
1
27
28
28
55
64
125
125
125
125
125
125
125
123
155
140
139
157
99
125
125
125
125
78
94
95
85
32
49
0
4
4
4
40
125
125
125
125
125
125
124
105
143
138
138
154
106
100
125
125
125
125
73
90
86
42
68
120
120
120
121
125
125
125
72
43
51
13
13
13
51
60
32
87
95
90
70
76
113
125
125
100
145
138
186
173
173
163
189
190
176
176
178
130
100
125
112
73
74
76
67
93
83
86
86
86
86
87
86
85
90
73
125
125
125
98
149
142
177
176
176
176
177
177
177
176
177
152
125
125
125
125
125
125
127
114
115
118
74
76
64
69
91
81
40
33
63
52
53
53
61
88
126
125
125
126
125
125
125
126
125
125
125
125
125
125
125
125
125
125
125
125
125
125
125
125
125
125
125
124
125
125
125
125
125
125
125
125
125
125
125
125
125
125
125
125
125
125
98
159
130
179
176
191
189
186
185
166
161
172
214
214
214
175
186
179
130
151
123
125
125
125
125
74
43
50
6
24
24
25
25
28
31
31
31
31
31
30
28
28
27
27
27
51
116
125
124
125
125
125
124
125
125
125
125
125
125
125
125
125
125
125
125
125
126
116
119
79
88
89
89
89
89
88
88
75
125
125
125
125
125
100
148
147
147
147
146
146
146
147
159
143
177
187
186
190
182
139
139
140
140
139
140
140
140
140
142
128
128
130
152
102
125
125
125
125
125
125
125
125
125
125
125
125
125
125
125
125
125
125
126
114
119
66
89
89
89
89
89
89
89
90
94
95
76
125
125
125
125
125
125
125
125
125
125
125
125
78
86
36
9
7
26
29
16
19
21
21
21
21
21
22
234
238
238
42
125
125
124
146
180
187
187
187
187
186
186
186
186
187
138
108
125
125
125
125
125
125
125
125
125
125
125
125
125
125
125
125
125
125
125
125
125
125
125
125
125
125
125
125
125
125
125
125
125
125
125
125
125
125
125
125
125
125
125
125
125
125
121
105
154
143
139
183
182
182
183
182
183
141
155
110
125
125
66
43
36
36
41
76
112
126
126
126
126
125
125
124
124
138
176
181
158
100
125
125
125
125
78
90
92
95
83
41
61
1
27
28
28
55
64
125
125
125
125
125
125
125
123
155
140
139
157
99
125
125
125
125
78
94
95
85
32
49
0
4
4
4
40
125
125
125
125
125
125
124
105
143
138
138
154
106
100
125
125
125
125
73
90
86
42
34
58
51
11
12
12
56
125
125
125
125
125
125
125
126
34
58
51
11
12
12
56
125
125
125
125
125
125
125
126
68
120
120
120
121
125
125
125
72
43
51
13
13
13
51
60
32
87
95
90
70
76
113
125
125
100
145
138
186
173
173
163
189
190
176
176
178
130
100
125
112
73
74
76
67
93
83
86
86
86
86
87
86
85
90
73
125
125
125
98
149
142
177
176
176
176
177
177
177
176
177
152
125
125
125
125
125
125
127
114
115
118
74
76
64
69
91
81
40
33
63
52
53
53
61
88
126
125
125
126
125
125
125
126
125
125
125
125
125
125
125
125
125
125
125
125
125
125
125
125
125
125
125
124
125
125
125
125
125
125
125
125
125
125
125
125
125
125
125
125
125
125
98
159
130
179
176
191
189
186
185
166
161
172
214
214
214
175
186
179
130
151
123
125
125
125
125
74
43
50
6
24
24
25
25
28
31
31
31
31
31
30
28
28
27
27
27
51
116
125
124
125
125
125
124
125
125
125
125
125
125
125
125
125
125
125
125
125
126
116
119
79
88
89
89
89
89
88
88
75
125
125
125
125
125
100
148
147
147
147
146
146
146
147
159
143
177
187
186
190
182
139
139
140
140
139
140
140
140
140
142
128
128
130
152
102
125
125
125
125
125
125
125
125
125
125
125
125
125
125
125
125
125
125
126
114
119
66
89
89
89
89
89
89
89
90
94
95
76
125
125
125
125
125
125
125
125
125
125
125
125
78
86
36
9
7
26
29
16
19
21
21
21
21
21
22
234
238
238
42
125
125
124
146
180
187
187
187
187
186
186
186
186
187
138
108
125
125
125
125
125
125
125
125
125
125
125
125
125
125
125
125
125
125
125
125
125
125
125
125
125
125
125
125
125
125
125
125
125
125
125
125
125
125
125
125
125
125
125
125
125
125
121
105
154
143
139
183
182
182
183
182
183
141
155
110
125
125
66
43
36
36
41
76
112
126
126
126
126
125
125
124
124
138
176
181
158
100
125
125
125
125
78
90
92
95
83
41
61
1
27
28
28
55
64
125
125
125
125
125
125
125
123
155
140
139
157
99
125
125
125
125
78
94
95
85
32
49
0
4
4
4
40
125
125
125
125
125
125
124
105
143
138
138
154
106
100
125
125
125
125
73
90
86
42
34
58
51
11
12
12
56
125
125
125
125
125
125
125
126
68
120
120
120
121
125
125
125
72
43
51
13
13
13
51
60
32
87
95
90
70
76
113
125
125
100
145
138
186
173
173
163
189
190
176
176
178
130
100
125
112
73
74
76
67
93
83
86
86
86
86
87
86
85
90
73
125
125
125
98
149
142
177
176
176
176
177
177
177
176
177
152
125
125
125
125
125
125
127
114
115
118
74
76
64
69
91
81
40
33
63
52
53
53
61
88
126
125
125
126
125
125
125
126
125
125
125
125
125
125
125
125
125
125
125
125
125
125
125
125
125
125
125
124
125
125
125
125
125
125
125
125
125
125
125
125
125
125
125
125
125
125
98
159
130
179
176
191
189
186
185
166
161
172
214
214
214
175
186
179
130
151
123
125
125
125
125
74
43
50
6
24
24
25
25
28
31
31
31
31
31
30
28
28
27
27
27
51
116
125
124
125
125
125
124
125
125
125
125
125
125
125
125
125
125
125
125
125
126
116
119
79
88
89
89
89
89
88
88
75
125
125
125
125
125
100
148
147
147
147
146
146
146
147
159
143
177
187
186
190
182
139
139
140
140
139
140
140
140
140
142
128
128
130
152
102
125
125
125
125
125
125
125
125
125
125
125
125
125
125
125
125
125
125
126
114
119
66
89
89
89
89
89
89
89
90
94
95
76
125
125
125
125
125
125
125
125
125
125
125
125
78
86
36
9
7
26
29
16
19
21
21
21
21
21
22
234
238
238
42
125
125
124
146
180
187
187
187
187
186
186
186
186
187
138
108
125
125
125
125
125
125
125
125
125
125
125
125
125
125
125
125
125
125
125
125
125
125
125
125
125
125
125
125
125
125
125
125
125
125
125
125
125
125
125
125
125
125
125
125
125
125
121
105
154
143
139
183
182
182
183
182
183
141
155
110
125
125
66
43
36
36
41
76
112
126
126
126
126
125
125
124
124
138
176
181
158
100
125
125
125
125
78
90
92
95
83
41
61
1
27
28
28
55
64
125
125
125
125
125
125
125
123
155
140
139
157
99
125
125
125
125
78
94
95
85
32
49
0
4
4
4
40
125
125
125
125
125
125
124
105
143
138
138
154
106
100
125
125
125
125
73
90
86
42
34
58
51
11
12
12
56
125
125
125
125
125
125
125
126
68
120
120
120
121
125
125
125
72
43
51
13
13
13
51
60
32
87
95
90
70
76
113
125
125
100
145
138
186
173
173
163
189
190
176
176
178
130
100
125
112
73
74
76
67
93
83
86
86
86
86
87
86
85
90
73
125
125
125
98
149
142
177
176
176
176
177
177
177
176
177
152
125
125
125
125
125
125
127
114
115
118
74
76
64
69
91
81
40
33
63
52
53
53
61
88
126
125
125
126
125
125
125
126
125
125
125
125
125
125
125
125
125
125
125
125
125
125
125
125
125
125
125
124
125
125
125
125
125
125
125
125
125
125
125
125
125
125
125
125
125
125
98
159
130
179
176
191
189
186
185
166
161
172
214
214
214
175
186
179
130
151
123
125
125
125
125
74
43
50
6
24
24
25
25
28
31
31
31
31
31
30
28
28
27
27
27
51
116
125
124
125
125
125
124
125
125
125
125
125
125
125
125
125
125
125
125
125
126
116
119
79
88
89
89
89
89
88
88
75
125
125
125
125
125
100
148
147
147
147
146
146
146
147
159
143
177
187
186
190
182
139
139
140
140
139
140
140
140
140
142
128
128
130
152
102
125
125
125
125
125
125
125
125
125
125
125
125
125
125
125
125
125
125
126
114
119
66
89
89
89
89
89
89
89
90
94
95
76
125
125
125
125
125
125
125
125
125
125
125
125
78
86
36
9
7
26
29
16
19
21
21
21
21
21
22
234
238
238
42
125
125
124
146
180
187
187
187
187
186
186
186
186
187
138
108
125
125
125
125
125
125
125
125
125
125
125
125
125
125
125
125
125
125
125
125
125
125
125
125
125
125
125
125
125
125
125
125
125
125
125
125
125
125
125
125
125
125
125
125
125
125
121
105
154
143
139
183
182
182
183
182
183
141
155
110
125
125
66
43
36
36
41
76
112
126
126
126
126
125
125
124
124
138
176
181
158
100
125
125
125
125
78
90
92
95
83
41
61
1
27
28
28
55
64
125
125
125
125
125
125
125
123
155
140
139
157
99
125
125
125
125
78
94
95
85
32
49
0
4
4
4
40
125
125
125
125
125
125
124
105
143
138
138
154
106
100
125
125
125
125
73
90
86
42
34
58
51
11
12
12
56
125
125
125
125
125
125
125
126
68
120
120
120
121
125
125
125
72
43
51
13
13
13
51
60
32
87
95
90
70
76
113
125
125
100
145
138
186
173
173
163
189
190
176
176
178
130
100
125
112
73
74
76
67
93
83
86
86
86
86
87
86
85
90
73
125
125
125
98
149
142
177
176
176
176
177
177
177
176
177
152
125
125
125
125
125
125
127
114
115
118
74
76
64
69
91
81
40
33
63
52
53
53
61
88
126
125
125
126
125
125
125
126
125
125
125
125
125
125
125
125
125
125
125
125
125
125
125
125
125
125
125
124
125
125
125
125
125
125
125
125
125
125
125
125
125
125
125
125
125
125
98
159
130
179
176
191
189
186
185
166
161
172
214
214
214
175
186
179
130
151
123
125
125
125
125
74
43
50
6
24
24
25
25
28
31
31
31
31
31
30
28
28
27
27
27
51
116
125
124
125
125
125
124
125
125
125
125
125
125
125
125
125
125
125
125
125
126
116
119
79
88
89
89
89
89
88
88
75
125
125
125
125
125
100
148
147
147
147
146
146
146
147
159
143
177
187
186
190
182
139
139
140
140
139
140
140
140
140
142
128
128
130
152
102
125
125
125
125
125
125
125
125
125
125
125
125
125
125
125
125
125
125
126
114
119
66
89
89
89
89
89
89
89
90
94
95
76
125
125
125
125
125
125
125
125
125
125
125
125
78
86
36
9
7
26
29
16
19
21
21
21
21
21
22
234
238
238
42
125
125
124
146
180
187
187
187
187
186
186
186
186
187
138
108
125
125
125
125
125
125
125
125
125
125
125
125
125
125
125
125
125
125
125
125
125
125
125
125
125
125
125
125
125
125
125
125
125
125
125
125
125
125
125
125
125
125
125
125
125
125
121
105
154
143
139
183
182
182
183
182
183
141
155
110
125
125
66
43
36
36
41
76
112
126
126
126
126
125
125
124
124
138
176
181
158
100
125
125
125
125
78
90
92
95
83
41
61
1
27
28
28
55
64
125
125
125
125
125
125
125
123
155
140
139
157
99
125
125
125
125
78
94
95
85
32
49
0
4
4
4
40
125
125
125
125
125
125
124
105
143
138
138
154
106
100
125
125
125
125
73
90
86
42
34
58
51
11
12
12
56
125
125
125
125
125
125
125
126
68
120
120
120
121
125
125
125
72
43
51
13
13
13
51
60
32
87
95
90
70
76
113
125
125
100
145
138
186
173
173
163
189
190
176
176
178
130
100
125
112
73
74
76
67
93
83
86
86
86
86
87
86
85
90
73
125
125
125
98
149
142
177
176
176
176
177
177
177
176
177
152
125
125
125
125
125
125
127
114
115
118
74
76
64
69
91
81
40
33
63
52
53
53
61
88
126
125
125
126
125
125
125
126
125
125
125
125
125
125
125
125
125
125
125
125
125
125
125
125
125
125
125
124
125
125
125
125
125
125
125
125
125
125
125
125
125
125
125
125
125
125
98
159
130
179
176
191
189
186
185
166
161
172
214
214
214
175
186
179
130
151
123
125
125
125
125
74
43
50
6
24
24
25
25
28
31
31
31
31
31
30
28
28
27
27
27
51
116
125
124
125
125
125
124
125
125
125
125
125
125
125
125
125
125
125
125
125
126
116
119
79
88
89
89
89
89
88
88
75
125
125
125
125
125
100
148
147
147
147
146
146
146
147
159
143
177
187
186
190
182
139
139
140
140
139
140
140
140
140
142
128
128
130
152
102
125
125
125
125
125
125
125
125
125
125
125
125
125
125
125
125
125
125
126
114
119
66
89
89
89
89
89
89
89
90
94
95
76
125
125
125
125
125
125
125
125
125
125
125
125
78
86
36
9
7
26
29
16
19
21
21
21
21
21
22
234
238
238
42
125
125
124
146
180
187
187
187
187
186
186
186
186
187
138
108
125
125
125
125
125
125
125
125
125
125
125
125
125
125
125
125
125
125
125
125
125
125
125
125
125
125
125
125
125
125
125
125
125
125
125
125
125
125
125
125
125
125
125
125
125
125
121
105
154
143
139
183
182
182
183
182
183
141
155
110
125
125
66
43
36
36
41
76
112
126
126
126
126
125
125
124
124
138
176
181
158
100
125
125
125
125
78
90
92
95
83
41
61
1
27
28
28
55
64
125
125
125
125
125
125
125
123
155
140
139
157
99
125
125
125
125
78
94
95
85
32
49
0
4
4
4
40
125
125
125
125
125
125
124
105
143
138
138
154
106
100
125
125
125
125
73
90
86
42
34
58
51
11
12
12
56
125
125
125
125
125
125
125
126
68
120
120
120
121
125
125
125
72
43
51
13
13
13
51
60
32
87
95
90
70
76
113
125
125
100
145
138
186
173
173
163
189
190
176
176
178
130
100
125
112
73
74
76
67
93
83
86
86
86
86
87
86
85
90
73
125
125
125
98
149
142
177
176
176
176
177
177
177
176
177
152
125
125
125
125
125
125
127
114
115
118
74
76
64
69
91
81
40
33
63
52
53
53
61
88
126
125
125
126
125
125
125
126
125
125
125
125
125
125
125
125
125
125
125
125
125
125
125
125
125
125
125
124
125
125
125
125
125
125
125
125
125
125
125
125
125
125
125
125
125
125
98
159
130
179
176
191
189
186
185
166
161
172
214
214
214
175
186
179
130
151
123
125
125
125
125
74
43
50
6
24
24
25
25
28
31
31
31
31
31
30
28
28
27
27
27
51
116
125
124
125
125
125
124
125
125
125
125
125
125
125
125
125
125
125
125
125
126
116
119
79
88
89
89
89
89
88
88
75
125
125
125
125
125
100
148
147
147
147
146
146
146
147
159
143
177
187
186
190
182
139
139
140
140
139
140
140
140
140
142
128
128
130
152
102
125
125
125
125
125
125
125
125
125
125
125
125
125
125
125
125
125
125
126
114
119
66
89
89
89
89
89
89
89
90
94
95
76
125
125
125
125
125
125
125
125
125
125
125
125
78
86
36
9
7
26
29
16
19
21
21
21
21
21
22
234
238
238
42
125
125
124
146
180
187
187
187
187
186
186
186
186
187
138
108
125
125
125
125
125
125
125
125
125
125
125
125
125
125
125
125
125
125
125
125
125
125
125
125
125
125
125
125
125
125
125
125
125
125
125
125
125
125
125
125
125
125
125
125
125
125
121
105
154
143
139
183
182
182
183
182
183
141
155
110
125
125
66
43
36
36
41
76
112
126
126
126
126
125
125
124
124
138
176
181
158
100
125
125
125
125
78
90
92
95
83
41
61
1
27
28
28
55
64
125
125
125
125
125
125
125
123
155
140
139
157
99
125
125
125
125
78
94
95
85
32
49
0
4
4
4
40
125
125
125
125
125
125
124
105
143
138
138
154
106
100
125
125
125
125
73
90
86
42
34
58
51
11
12
12
56
125
125
125
125
125
125
125
126
68
120
120
120
121
125
125
125
72
43
51
13
13
13
51
60
32
87
95
90
70
76
113
125
125
100
145
138
186
173
173
163
189
190
176
176
178
130
100
125
112
73
74
76
67
93
83
86
86
86
86
87
86
85
90
73
125
125
125
98
149
142
177
176
176
176
177
177
177
176
177
152
125
125
125
125
125
125
127
114
115
118
74
76
64
69
91
81
40
33
63
52
53
53
61
88
126
125
125
126
125
125
125
126
125
125
125
125
125
125
125
125
125
125
125
125
125
125
125
125
125
125
125
124
125
125
125
125
125
125
125
125
125
125
125
125
125
125
125
125
125
125
98
159
130
179
176
191
189
186
185
166
161
172
214
214
214
175
186
179
130
151
123
125
125
125
125
74
43
50
6
24
24
25
25
28
31
31
31
31
31
30
28
28
27
27
27
51
116
125
124
125
125
125
124
125
125
125
125
125
125
125
125
125
125
125
125
125
126
116
119
79
88
89
89
89
89
88
88
75
125
125
125
125
125
100
148
147
147
147
146
146
146
147
159
143
177
187
186
190
182
139
139
140
140
139
140
140
140
140
142
128
128
130
152
102
125
125
125
125
125
125
125
125
125
125
125
125
125
125
125
125
125
125
126
114
119
66
89
89
89
89
89
89
89
90
94
95
76
125
125
125
125
125
125
125
125
125
125
125
125
78
86
36
9
7
26
29
16
19
21
21
21
21
21
22
234
238
238
42
125
125
124
146
180
187
187
187
187
186
186
186
186
187
138
108
125
125
125
125
125
125
125
125
125
125
125
125
125
125
125
125
125
125
125
125
125
125
125
125
125
125
125
125
125
125
125
125
125
125
125
125
125
125
125
125
125
125
125
125
125
125
121
105
154
143
139
183
182
182
183
182
183
141
155
110
125
125
66
43
36
36
41
76
112
126
126
126
126
125
125
124
124
138
176
181
158
100
125
125
125
125
78
90
92
95
83
41
61
1
27
28
28
55
64
125
125
125
125
125
125
125
123
155
140
139
157
99
125
125
125
125
78
94
95
85
32
49
0
4
4
4
40
125
125
125
125
125
125
124
105
143
138
138
154
106
100
125
125
125
125
73
90
86
42
34
58
51
11
12
12
56
125
125
125
125
125
125
125
126
68
120
120
120
121
125
125
125
72
43
51
13
13
13
51
60
32
87
95
90
70
76
113
125
125
100
145
138
186
173
173
163
189
190
176
176
178
130
100
125
112
73
74
76
67
93
83
86
86
86
86
87
86
85
90
73
125
125
125
98
149
142
177
176
176
176
177
177
177
176
177
152
125
125
125
125
125
125
127
114
115
118
74
76
64
69
91
81
40
33
63
52
53
53
61
88
126
125
125
126
125
125
125
126
125
125
125
125
125
125
125
125
125
125
125
125
125
125
125
125
125
125
125
124
125
125
125
125
125
125
125
125
125
125
125
125
125
125
125
125
125
125
98
159
130
179
176
191
189
186
185
166
161
172
214
214
214
175
186
179
130
151
123
125
125
125
125
74
43
50
6
24
24
25
25
28
31
31
31
31
31
30
28
28
27
27
27
51
116
125
124
125
125
125
124
125
125
125
125
125
125
125
125
125
125
125
125
125
126
116
119
79
88
89
89
89
89
88
88
75
125
125
125
125
125
100
148
147
147
147
146
146
146
147
159
143
177
187
186
190
182
139
139
140
140
139
140
140
140
140
142
128
128
130
152
102
125
125
125
125
125
125
125
125
125
125
125
125
125
125
125
125
125
125
126
114
119
66
89
89
89
89
89
89
89
90
94
95
76
125
125
125
125
125
125
125
125
125
125
125
125
78
86
36
9
7
26
29
16
19
21
21
21
21
21
22
234
238
238
42
125
125
124
146
180
187
187
187
187
186
186
186
186
187
138
108
125
125
125
125
125
125
125
125
125
125
125
125
125
125
125
125
125
125
125
125
125
125
125
125
125
125
125
125
125
125
125
125
125
125
125
125
125
125
125
125
125
125
125
125
125
125
121
105
154
143
139
183
182
182
183
182
183
141
155
110
125
125
66
43
36
36
41
76
112
126
126
126
126
125
125
124
124
138
176
181
158
100
125
125
125
125
78
90
92
95
83
41
61
1
27
28
28
55
64
125
125
125
125
125
125
125
123
155
140
139
157
99
125
125
125
125
78
94
95
85
32
49
0
4
4
4
40
125
125
125
125
125
125
124
105
143
138
138
154
106
100
125
125
125
125
73
90
86
42
34
58
51
11
12
12
56
125
125
125
125
125
125
125
126

