0 
125 
125 
125 
125 
125 
119 
94 
38 
50 
14 
24 
19 
22 
236 
239 
225 
227 
228 
228 
228 
229 
229 
229 
229 
228 
228 
224 
233 
17 
6 
12 
51 
61 
35 
43 
92 
77 
125 
125 
125 
125 
125 
125 
125 
-1 
125 
-1 
125 
-1 
124 
-1 
101 
-1 
109 
-1 
150 
-1 
148 
-1 
147 
-1 
147 
-1 
147 
-1 
147 
-1 
147 
-1 
109 
-1 
125 
-1 
125 
-1 
124 
-1 
125 
-1 
125 
-1 
125 
-1 
115 
-1 
92 
-1 
60 
-1 
10 
-1 
26 
-1 
20 
-1 
235 
-1 
225 
-1 
228 
-1 
229 
-1 
229 
-1 
229 
-1 
229 
-1 
229 
-1 
237 
-1 
27 
-1 
51 
-1 
41 
-1 
88 
-1 
65 
-1 
117 
-1 
125 
-1 
125 
-1 
98 
-1 
105 
-1 
144 
-1 
156 
-1 
134 
-1 
143 
-1 
136 
-1 
180 
-1 
190 
-1 
186 
-1 
167 
-1 
166 
-1 
166 
-1 
185 
-1 
179 
-1 
180 
-1 
136 
-1 
133 
-1 
106 
-1 
125 
-1 
125 
-1 
125 
-1 
125 
-1 
125 
-1 
73 
-1 
42 
-1 
53 
-1 
3 
-1 
18 
-1 
233 
-1 
239 
-1 
225 
-1 
228 
-1 
229 
-1 
229 
-1 
229 
-1 
229 
-1 
229 
-1 
224 
-1 
23 
-1 
24 
-1 
8 
-1 
57 
-1 
85 
-1 
66 
-1 
117 
-1 
125 
-1 
125 
-1 
124 
-1 
106 
-1 
154 
-1 
129 
-1 
137 
-1 
178 
-1 
186 
-1 
163 
-1 
171 
-1 
169 
-1 
169 
-1 
169 
-1 
169 
-1 
171 
-1 
160 
-1 
166 
-1 
176 
-1 
181 
-1 
182 
-1 
138 
-1 
157 
-1 
125 
-1 
125 
-1 
125 
-1 
71 
-1 
46 
-1 
49 
-1 
0 
-1 
17 
-1 
23 
-1 
236 
-1 
224 
-1 
226 
-1 
228 
-1 
228 
-1 
228 
-1 
228 
-1 
229 
-1 
228 
-1 
228 
-1 
239 
-1 
23 
-1 
26 
-1 
54 
-1 
82 
-1 
125 
-1 
125 
-1 
125 
-1 
125 
-1 
121 
-1 
151 
-1 
131 
-1 
141 
-1 
181 
-1 
189 
-1 
167 
-1 
161 
-1 
173 
-1 
169 
-1 
214 
-1 
215 
-1 
214 
-1 
215 
-1 
214 
-1 
168 
-1 
173 
-1 
165 
-1 
189 
-1 
183 
-1 
137 
-1 
143 
-1 
135 
-1 
158 
-1 
110 
-1 
125 
-1 
125 
-1 
125 
-1 
77 
-1 
86 
-1 
59 
-1 
9 
-1 
24 
-1 
17 
-1 
21 
-1 
235 
-1 
238 
-1 
225 
-1 
227 
-1 
228 
-1 
228 
-1 
228 
-1 
228 
-1 
225 
-1 
236 
-1 
20 
-1 
28 
-1 
15 
-1 
53 
-1 
63 
-1 
46 
-1 
93 
-1 
75 
-1 
125 
-1 
125 
-1 
151 
-1 
130 
-1 
141 
-1 
136 
-1 
178 
-1 
189 
-1 
186 
-1 
165 
-1 
161 
-1 
173 
-1 
170 
-1 
168 
-1 
215 
-1 
215 
-1 
215 
-1 
215 
-1 
215 
-1 
172 
-1 
165 
-1 
191 
-1 
136 
-1 
138 
-1 
130 
-1 
144 
-1 
120 
-1 
125 
-1 
125 
-1 
125 
-1 
78 
-1 
46 
-1 
52 
-1 
6 
-1 
18 
-1 
23 
-1 
235 
-1 
238 
-1 
225 
-1 
227 
-1 
228 
-1 
229 
-1 
229 
-1 
229 
-1 
229 
-1 
228 
-1 
226 
-1 
235 
-1 
18 
-1 
30 
-1 
6 
-1 
14 
-1 
12 
-1 
10 
-1 
9 
-1 
51 
-1 
33 
-1 
71 
-1 
125 
-1 
125 
-1 
98 
-1 
144 
-1 
139 
-1 
182 
-1 
177 
-1 
188 
-1 
184 
-1 
163 
-1 
174 
-1 
171 
-1 
168 
-1 
215 
-1 
215 
-1 
215 
-1 
215 
-1 
215 
-1 
215 
-1 
168 
-1 
162 
-1 
190 
-1 
152 
-1 
125 
-1 
125 
-1 
125 
-1 
125 
-1 
125 
-1 
75 
-1 
59 
-1 
0 
-1 
18 
-1 
21 
-1 
235 
-1 
224 
-1 
227 
-1 
228 
-1 
229 
-1 
229 
-1 
229 
-1 
228 
-1 
229 
-1 
228 
-1 
238 
-1 
23 
-1 
17 
-1 
25 
-1 
3 
-1 
12 
-1 
8 
-1 
51 
-1 
56 
-1 
43 
-1 
80 
-1 
67 
-1 
117 
-1 
125 
-1 
125 
-1 
125 
-1 
125 
-1 
109 
-1 
134 
-1 
143 
-1 
136 
-1 
176 
-1 
188 
-1 
166 
-1 
164 
-1 
164 
-1 
164 
-1 
164 
-1 
164 
-1 
164 
-1 
164 
-1 
165 
-1 
178 
-1 
120 
-1 
125 
-1 
125 
-1 
125 
-1 
125 
-1 
125 
-1 
125 
-1 
93 
-1 
10 
-1 
21 
-1 
237 
-1 
225 
-1 
227 
-1 
229 
-1 
229 
-1 
229 
-1 
229 
-1 
229 
-1 
238 
-1 
23 
-1 
17 
-1 
28 
-1 
7 
-1 
3 
-1 
1 
-1 
13 
-1 
52 
-1 
91 
-1 
125 
-1 
125 
-1 
123 
-1 
149 
-1 
140 
-1 
185 
-1 
162 
-1 
175 
-1 
172 
-1 
169 
-1 
215 
-1 
215 
-1 
215 
-1 
215 
-1 
215 
-1 
215 
-1 
168 
-1 
172 
-1 
163 
-1 
178 
-1 
153 
-1 
125 
-1 
125 
-1 
125 
-1 
125 
-1 
125 
-1 
126 
-1 
68 
-1 
39 
-1 
5 
-1 
235 
-1 
226 
-1 
229 
-1 
230 
-1 
230 
-1 
230 
-1 
225 
-1 
25 
-1 
15 
-1 
15 
-1 
15 
-1 
15 
-1 
115 
-1 
125 
-1 
125 
-1 
125 
-1 
125 
-1 
125 
-1 
125 
-1 
125 
-1 
125 
-1 
125 
-1 
125 
-1 
125 
-1 
125 
-1 
123 
-1 
120 
-1 
120 
-1 
120 
-1 
102 
-1 
151 
-1 
129 
-1 
183 
-1 
187 
-1 
167 
-1 
167 
-1 
167 
-1 
184 
-1 
177 
-1 
177 
-1 
178 
-1 
178 
-1 
179 
-1 
129 
-1 
125 
-1 
90 
-1 
48 
-1 
5 
-1 
18 
-1 
233 
-1 
239 
-1 
227 
-1 
229 
-1 
229 
-1 
228 
-1 
228 
-1 
235 
-1 
30 
-1 
11 
-1 
54 
-1 
48 
-1 
47 
-1 
73 
-1 
126 
-1 
125 
-1 
124 
-1 
146 
-1 
128 
-1 
138 
-1 
178 
-1 
187 
-1 
164 
-1 
174 
-1 
169 
-1 
215 
-1 
214 
-1 
215 
-1 
174 
-1 
165 
-1 
177 
-1 
179 
-1 
182 
-1 
128 
-1 
156 
-1 
102 
-1 
125 
-1 
125 
-1 
125 
-1 
77 
-1 
45 
-1 
8 
-1 
19 
-1 
237 
