0 
-1 
125 
-1 
125 
-1 
124 
-1 
125 
-1 
125 
-1 
124 
-1 
125 
-1 
125 
-1 
125 
-1 
125 
-1 
125 
-1 
125 
-1 
125 
-1 
125 
-1 
125 
-1 
125 
-1 
125 
-1 
125 
-1 
125 
-1 
125 
-1 
125 
-1 
125 
-1 
125 
-1 
125 
-1 
125 
-1 
125 
-1 
125 
-1 
125 
-1 
125 
-1 
125 
-1 
125 
-1 
125 
-1 
125 
-1 
125 
-1 
125 
-1 
125 
-1 
72 
-1 
75 
-1 
75 
-1 
75 
-1 
75 
-1 
75 
-1 
75 
-1 
75 
-1 
75 
-1 
75 
-1 
75 
-1 
75 
-1 
75 
-1 
75 
-1 
127 
-1 
125 
-1 
125 
-1 
125 
-1 
125 
-1 
125 
-1 
125 
-1 
125 
-1 
125 
-1 
125 
-1 
125 
-1 
125 
-1 
125 
-1 
125 
-1 
125 
-1 
125 
-1 
125 
-1 
125 
-1 
125 
-1 
125 
-1 
125 
-1 
125 
-1 
125 
-1 
125 
-1 
125 
-1 
125 
-1 
125 
-1 
125 
-1 
125 
-1 
125 
-1 
125 
-1 
125 
-1 
125 
-1 
125 
-1 
125 
-1 
125 
-1 
125 
-1 
114 
-1 
78 
-1 
78 
-1 
78 
-1 
78 
-1 
78 
-1 
78 
-1 
78 
-1 
78 
-1 
78 
-1 
78 
-1 
78 
-1 
78 
-1 
78 
-1 
115 
-1 
125 
-1 
125 
-1 
125 
-1 
125 
-1 
125 
-1 
124 
-1 
125 
-1 
125 
-1 
125 
-1 
125 
-1 
125 
-1 
125 
-1 
125 
-1 
125 
-1 
125 
-1 
125 
-1 
125 
-1 
125 
-1 
125 
-1 
125 
-1 
125 
-1 
125 
-1 
125 
-1 
125 
-1 
125 
-1 
125 
-1 
125 
-1 
125 
-1 
125 
-1 
125 
-1 
125 
-1 
125 
-1 
125 
-1 
126 
-1 
74 
-1 
66 
-1 
66 
-1 
66 
-1 
66 
-1 
66 
-1 
66 
-1 
66 
-1 
66 
-1 
66 
-1 
66 
-1 
66 
-1 
66 
-1 
74 
-1 
125 
-1 
125 
-1 
125 
-1 
125 
-1 
125 
-1 
125 
-1 
125 
-1 
125 
-1 
125 
-1 
125 
-1 
125 
-1 
125 
-1 
125 
-1 
125 
-1 
125 
-1 
125 
-1 
125 
-1 
125 
-1 
125 
-1 
125 
-1 
125 
-1 
125 
-1 
125 
-1 
125 
-1 
125 
-1 
125 
-1 
125 
-1 
125 
-1 
125 
-1 
125 
-1 
125 
-1 
125 
-1 
125 
-1 
125 
-1 
125 
-1 
125 
-1 
126 
-1 
75 
-1 
71 
-1 
88 
-1 
88 
-1 
88 
-1 
88 
-1 
88 
-1 
88 
-1 
88 
-1 
88 
-1 
88 
-1 
91 
-1 
92 
-1 
92 
-1 
68 
-1 
126 
-1 
125 
-1 
125 
-1 
125 
-1 
125 
-1 
125 
-1 
125 
-1 
125 
-1 
125 
-1 
125 
-1 
125 
-1 
125 
-1 
125 
-1 
125 
-1 
125 
-1 
125 
-1 
125 
-1 
125 
-1 
125 
-1 
125 
-1 
125 
-1 
125 
-1 
125 
-1 
125 
-1 
125 
-1 
125 
-1 
125 
-1 
125 
-1 
125 
-1 
125 
-1 
125 
-1 
125 
-1 
125 
-1 
115 
-1 
75 
-1 
76 
-1 
76 
-1 
76 
-1 
76 
-1 
76 
-1 
76 
-1 
76 
-1 
76 
-1 
76 
-1 
116 
-1 
125 
-1 
125 
-1 
125 
-1 
125 
-1 
124 
-1 
125 
-1 
125 
-1 
125 
-1 
125 
-1 
125 
-1 
125 
-1 
125 
-1 
125 
-1 
125 
-1 
125 
-1 
125 
-1 
125 
-1 
125 
-1 
125 
-1 
125 
-1 
125 
-1 
125 
-1 
125 
-1 
125 
-1 
125 
-1 
125 
-1 
125 
-1 
125 
-1 
125 
-1 
125 
-1 
125 
-1 
125 
-1 
125 
-1 
126 
-1 
126 
-1 
126 
-1 
126 
-1 
126 
-1 
126 
-1 
126 
-1 
126 
-1 
126 
-1 
126 
-1 
126 
-1 
126 
-1 
125 
-1 
125 
-1 
125 
-1 
125 
-1 
125 
-1 
125 
-1 
125 
-1 
125 
-1 
125 
-1 
125 
-1 
125 
-1 
125 
-1 
125 
-1 
125 
-1 
125 
-1 
125 
-1 
125 
-1 
125 
-1 
125 
-1 
125 
-1 
125 
-1 
125 
-1 
125 
-1 
125 
-1 
125 
-1 
125 
-1 
125 
-1 
125 
-1 
125 
-1 
125 
-1 
125 
-1 
125 
-1 
125 
-1 
125 
-1 
125 
-1 
125 
-1 
112 
-1 
72 
-1 
66 
-1 
66 
-1 
66 
-1 
66 
-1 
66 
-1 
66 
-1 
66 
-1 
66 
-1 
66 
-1 
66 
-1 
119 
-1 
125 
-1 
125 
-1 
125 
-1 
125 
-1 
125 
-1 
125 
-1 
125 
-1 
125 
-1 
125 
-1 
125 
-1 
125 
-1 
125 
-1 
125 
-1 
125 
-1 
125 
-1 
125 
-1 
125 
-1 
125 
-1 
125 
-1 
125 
-1 
125 
-1 
125 
-1 
125 
-1 
125 
-1 
125 
-1 
125 
-1 
125 
-1 
125 
-1 
125 
-1 
125 
-1 
125 
-1 
125 
-1 
125 
-1 
125 
-1 
125 
-1 
112 
-1 
127 
-1 
127 
-1 
127 
-1 
127 
-1 
127 
-1 
127 
-1 
125 
-1 
125 
-1 
125 
-1 
124 
-1 
125 
-1 
125 
-1 
125 
-1 
125 
-1 
125 
-1 
125 
-1 
125 
-1 
125 
-1 
125 
-1 
125 
-1 
125 
-1 
125 
-1 
125 
-1 
125 
-1 
125 
-1 
125 
-1 
125 
-1 
125 
-1 
125 
-1 
125 
-1 
125 
-1 
125 
-1 
125 
-1 
125 
-1 
125 
-1 
125 
-1 
125 
-1 
125 
-1 
125 
-1 
125 
-1 
125 
-1 
125 
-1 
125 
-1 
125 
-1 
125 
-1 
125 
-1 
125 
-1 
125 
-1 
125 
-1 
125 
-1 
125 
-1 
125 
-1 
112 
-1 
115 
-1 
114 
-1 
114 
-1 
114 
-1 
125 
-1 
125 
-1 
125 
-1 
125 
-1 
125 
-1 
125 
-1 
125 
-1 
125 
-1 
125 
-1 
125 
-1 
125 
-1 
125 
-1 
125 
-1 
125 
-1 
125 
-1 
125 
-1 
125 
-1 
125 
-1 
125 
-1 
125 
-1 
125 
-1 
125 
-1 
125 
-1 
125 
-1 
125 
-1 
125 
-1 
125 
-1 
125 
-1 
125 
-1 
125 
-1 
125 
-1 
125 
-1 
125 
-1 
125 
-1 
125 
-1 
125 
-1 
125 
-1 
125 
-1 
118 
-1 
64 
-1 
64 
-1 
64 
-1 
79 
-1 
64 
-1 
64 
-1 
116 
-1 
125 
-1 
125 
-1 
124 
-1 
124 
-1 
124 
-1 
124 
-1 
125 
-1 
125 
-1 
125 
-1 
125 
-1 
125 
-1 
125 
-1 
125 
-1 
127 
-1 
119 
-1 
73 
-1 
74 
-1 
74 
-1 
125 
