10 
-1 
212 
-1 
212 
-1 
212 
-1 
213 
-1 
212 
-1 
212 
-1 
170 
-1 
97 
-1 
125 
-1 
125 
-1 
125 
-1 
127 
-1 
77 
-1 
36 
-1 
230 
-1 
230 
-1 
230 
-1 
230 
-1 
230 
-1 
230 
-1 
230 
-1 
230 
-1 
230 
-1 
4 
-1 
125 
-1 
125 
-1 
124 
-1 
125 
-1 
124 
-1 
149 
-1 
133 
-1 
182 
-1 
165 
-1 
213 
-1 
212 
-1 
212 
-1 
213 
-1 
212 
-1 
212 
-1 
212 
-1 
212 
-1 
212 
-1 
212 
-1 
212 
-1 
131 
-1 
125 
-1 
125 
-1 
125 
-1 
125 
-1 
125 
-1 
112 
-1 
67 
-1 
53 
-1 
229 
-1 
229 
-1 
229 
-1 
229 
-1 
229 
-1 
229 
-1 
229 
-1 
237 
-1 
79 
-1 
125 
-1 
125 
-1 
125 
-1 
125 
-1 
150 
-1 
128 
-1 
186 
-1 
211 
-1 
211 
-1 
211 
-1 
211 
-1 
211 
-1 
211 
-1 
211 
-1 
211 
-1 
214 
-1 
148 
-1 
125 
-1 
125 
-1 
125 
-1 
126 
-1 
72 
-1 
87 
-1 
20 
-1 
229 
-1 
229 
-1 
229 
-1 
229 
-1 
229 
-1 
229 
-1 
229 
-1 
237 
-1 
64 
-1 
125 
-1 
125 
-1 
125 
-1 
98 
-1 
159 
-1 
142 
-1 
185 
-1 
210 
-1 
210 
-1 
210 
-1 
210 
-1 
210 
-1 
210 
-1 
210 
-1 
210 
-1 
190 
-1 
125 
-1 
125 
-1 
125 
-1 
125 
-1 
127 
-1 
78 
-1 
32 
-1 
229 
-1 
229 
-1 
229 
-1 
229 
-1 
229 
-1 
229 
-1 
229 
-1 
229 
-1 
48 
-1 
125 
-1 
125 
-1 
102 
-1 
135 
-1 
164 
-1 
213 
-1 
213 
-1 
213 
-1 
213 
-1 
213 
213 
213 
213 
212 
213 
212 
179 
125 
114 
32 
230 
230 
230 
230 
-1 
230 
-1 
230 
-1 
125 
-1 
125 
-1 
123 
-1 
135 
-1 
179 
-1 
189 
-1 
190 
-1 
102 
-1 
125 
-1 
45 
-1 
230 
-1 
230 
-1 
230 
-1 
230 
-1 
18 
-1 
125 
-1 
97 
-1 
187 
-1 
169 
-1 
168 
-1 
174 
-1 
125 
-1 
81 
-1 
229 
-1 
229 
-1 
229 
-1 
229 
-1 
46 
-1 
125 
-1 
102 
-1 
153 
-1 
131 
-1 
133 
-1 
125 
-1 
49 
-1 
230 
-1 
230 
-1 
151 
-1 
125 
-1 
125 
-1 
157 
-1 
168 
-1 
168 
-1 
168 
-1 
168 
-1 
165 
-1 
151 
-1 
125 
-1 
125 
-1 
125 
-1 
125 
-1 
125 
-1 
125 
-1 
125 
-1 
125 
-1 
125 
-1 
52 
-1 
227 
-1 
125 
-1 
125 
-1 
125 
-1 
125 
-1 
125 
-1 
125 
-1 
125 
-1 
125 
-1 
124 
-1 
125 
-1 
125 
-1 
125 
-1 
125 
-1 
124 
-1 
125 
-1 
125 
-1 
125 
-1 
125 
-1 
57 
-1 
227 
-1 
227 
-1 
228 
-1 
8 
-1 
125 
-1 
124 
-1 
110 
-1 
132 
-1 
190 
-1 
173 
-1 
170 
-1 
188 
-1 
125 
-1 
95 
-1 
234 
-1 
234 
-1 
235 
-1 
49 
-1 
125 
-1 
125 
-1 
103 
-1 
106 
-1 
149 
-1 
148 
-1 
148 
-1 
125 
-1 
125 
-1 
34 
-1 
226 
-1 
226 
-1 
226 
-1 
76 
-1 
125 
-1 
157 
-1 
168 
-1 
215 
-1 
168 
-1 
215 
-1 
215 
-1 
154 
-1 
125 
-1 
43 
-1 
232 
-1 
227 
-1 
227 
-1 
86 
-1 
125 
-1 
121 
-1 
190 
-1 
172 
-1 
172 
-1 
172 
-1 
172 
-1 
172 
-1 
102 
-1 
75 
-1 
226 
-1 
226 
-1 
227 
-1 
226 
-1 
238 
-1 
125 
-1 
125 
-1 
125 
-1 
110 
-1 
182 
-1 
209 
-1 
209 
-1 
209 
-1 
209 
-1 
209 
-1 
209 
-1 
209 
-1 
209 
-1 
168 
-1 
125 
-1 
95 
-1 
13 
-1 
6 
-1 
6 
-1 
6 
-1 
9 
-1 
87 
-1 
119 
-1 
125 
-1 
125 
-1 
125 
-1 
212 
-1 
211 
-1 
210 
-1 
211 
-1 
210 
-1 
210 
-1 
210 
-1 
125 
-1 
74 
-1 
55 
-1 
226 
-1 
226 
-1 
226 
-1 
226 
-1 
227 
-1 
226 
-1 
44 
-1 
125 
-1 
154 
-1 
170 
-1 
170 
-1 
170 
-1 
170 
-1 
169 
-1 
170 
-1 
180 
-1 
73 
-1 
19 
-1 
227 
-1 
227 
-1 
227 
-1 
226 
-1 
226 
-1 
27 
-1 
116 
-1 
125 
-1 
154 
-1 
214 
-1 
214 
-1 
214 
-1 
214 
-1 
213 
-1 
214 
-1 
107 
-1 
85 
-1 
226 
-1 
73 
-1 
125 
-1 
125 
-1 
125 
-1 
125 
-1 
125 
-1 
125 
-1 
125 
-1 
125 
-1 
125 
-1 
125 
-1 
125 
-1 
125 
-1 
125 
-1 
125 
-1 
125 
-1 
125 
-1 
125 
-1 
125 
-1 
125 
-1 
125 
-1 
143 
-1 
169 
-1 
170 
-1 
169 
-1 
170 
-1 
170 
-1 
169 
-1 
165 
-1 
125 
-1 
125 
-1 
78 
-1 
45 
-1 
35 
-1 
35 
-1 
35 
-1 
58 
-1 
3 
-1 
233 
-1 
229 
-1 
229 
-1 
229 
-1 
229 
-1 
43 
-1 
125 
-1 
125 
-1 
102 
-1 
131 
-1 
163 
-1 
173 
-1 
172 
-1 
172 
-1 
172 
-1 
171 
-1 
171 
-1 
170 
-1 
169 
-1 
169 
-1 
169 
-1 
169 
-1 
136 
-1 
125 
-1 
125 
-1 
125 
-1 
125 
-1 
125 
-1 
125 
-1 
125 
-1 
90 
-1 
20 
-1 
229 
-1 
229 
-1 
229 
-1 
229 
-1 
14 
-1 
125 
-1 
125 
-1 
125 
-1 
125 
-1 
125 
-1 
124 
-1 
146 
-1 
190 
-1 
209 
-1 
209 
-1 
209 
-1 
209 
-1 
209 
-1 
209 
-1 
209 
-1 
209 
-1 
209 
-1 
209 
-1 
209 
-1 
209 
-1 
175 
-1 
125 
-1 
125 
-1 
125 
-1 
125 
-1 
125 
-1 
125 
-1 
125 
-1 
125 
-1 
118 
-1 
83 
-1 
27 
-1 
226 
-1 
226 
-1 
226 
-1 
226 
-1 
226 
-1 
226 
-1 
225 
-1 
239 
-1 
92 
-1 
125 
-1 
125 
-1 
125 
-1 
125 
-1 
99 
-1 
144 
-1 
129 
-1 
178 
-1 
171 
-1 
214 
-1 
213 
-1 
214 
-1 
213 
-1 
214 
-1 
214 
-1 
213 
-1 
214 
-1 
214 
-1 
214 
-1 
171 
-1 
120 
-1 
125 
-1 
125 
-1 
125 
-1 
125 
-1 
125 
-1 
115 
