68 
-1 
120 
-1 
120 
-1 
120 
-1 
121 
-1 
125 
-1 
125 
-1 
125 
-1 
72 
-1 
43 
-1 
51 
-1 
13 
-1 
13 
-1 
13 
-1 
51 
-1 
60 
-1 
32 
-1 
87 
-1 
95 
-1 
90 
-1 
70 
-1 
76 
-1 
113 
-1 
125 
-1 
125 
-1 
100 
-1 
145 
-1 
138 
-1 
186 
-1 
173 
-1 
173 
-1 
163 
-1 
189 
-1 
190 
-1 
176 
-1 
176 
-1 
178 
-1 
130 
-1 
100 
-1 
125 
-1 
112 
-1 
73 
-1 
74 
-1 
76 
-1 
67 
-1 
93 
-1 
83 
-1 
86 
-1 
86 
-1 
86 
-1 
86 
-1 
87 
-1 
86 
-1 
85 
-1 
90 
-1 
73 
-1 
125 
-1 
125 
-1 
125 
-1 
98 
-1 
149 
-1 
142 
-1 
177 
-1 
176 
-1 
176 
-1 
176 
-1 
177 
-1 
177 
-1 
177 
-1 
176 
-1 
177 
-1 
152 
-1 
125 
-1 
125 
-1 
125 
-1 
125 
-1 
125 
-1 
125 
-1 
127 
-1 
114 
-1 
115 
-1 
118 
-1 
74 
-1 
76 
-1 
64 
-1 
69 
-1 
91 
-1 
81 
-1 
40 
-1 
33 
-1 
63 
-1 
52 
-1 
53 
-1 
53 
-1 
61 
-1 
88 
-1 
126 
-1 
125 
-1 
125 
-1 
126 
-1 
125 
-1 
125 
-1 
125 
-1 
126 
-1 
125 
-1 
125 
-1 
125 
-1 
125 
-1 
125 
-1 
125 
-1 
125 
-1 
125 
-1 
125 
-1 
125 
-1 
125 
-1 
125 
-1 
125 
-1 
125 
-1 
125 
-1 
125 
-1 
125 
-1 
125 
-1 
125 
-1 
124 
-1 
125 
-1 
125 
-1 
125 
-1 
125 
-1 
125 
-1 
125 
-1 
125 
-1 
125 
-1 
125 
-1 
125 
-1 
125 
-1 
125 
-1 
125 
-1 
125 
-1 
125 
-1 
125 
-1 
125 
-1 
125 
-1 
98 
-1 
159 
-1 
130 
-1 
179 
-1 
176 
-1 
191 
-1 
189 
-1 
186 
-1 
185 
-1 
166 
-1 
161 
-1 
172 
-1 
214 
-1 
214 
-1 
214 
-1 
175 
-1 
186 
-1 
179 
-1 
130 
-1 
151 
-1 
123 
-1 
125 
-1 
125 
-1 
125 
-1 
125 
-1 
74 
-1 
43 
-1 
50 
-1 
6 
-1 
24 
-1 
24 
-1 
25 
-1 
25 
-1 
28 
-1 
31 
-1 
31 
-1 
31 
-1 
31 
-1 
31 
-1 
30 
-1 
28 
-1 
28 
-1 
27 
-1 
27 
-1 
27 
-1 
51 
-1 
116 
-1 
125 
-1 
124 
-1 
125 
-1 
125 
-1 
125 
-1 
124 
-1 
125 
-1 
125 
-1 
125 
-1 
125 
-1 
125 
-1 
125 
-1 
125 
-1 
125 
-1 
125 
-1 
125 
-1 
125 
-1 
125 
-1 
125 
-1 
126 
-1 
116 
-1 
119 
-1 
79 
-1 
88 
-1 
89 
-1 
89 
-1 
89 
-1 
89 
-1 
88 
-1 
88 
-1 
75 
-1 
125 
-1 
125 
-1 
125 
-1 
125 
-1 
125 
-1 
100 
-1 
148 
-1 
147 
-1 
147 
-1 
147 
-1 
146 
-1 
146 
-1 
146 
-1 
147 
-1 
159 
-1 
143 
-1 
177 
-1 
187 
-1 
186 
-1 
190 
-1 
182 
-1 
139 
-1 
139 
-1 
140 
-1 
140 
-1 
139 
-1 
140 
-1 
140 
-1 
140 
-1 
140 
-1 
142 
-1 
128 
-1 
128 
-1 
130 
-1 
152 
-1 
102 
-1 
125 
-1 
125 
-1 
125 
-1 
125 
-1 
125 
-1 
125 
-1 
125 
-1 
125 
-1 
125 
-1 
125 
-1 
125 
-1 
125 
-1 
125 
-1 
125 
-1 
125 
-1 
125 
-1 
125 
-1 
125 
-1 
126 
-1 
114 
-1 
119 
-1 
66 
-1 
89 
-1 
89 
-1 
89 
-1 
89 
-1 
89 
-1 
89 
-1 
89 
-1 
90 
-1 
94 
-1 
95 
-1 
76 
-1 
125 
-1 
125 
-1 
125 
-1 
125 
-1 
125 
-1 
125 
-1 
125 
-1 
125 
-1 
125 
-1 
125 
-1 
125 
-1 
125 
-1 
78 
-1 
86 
-1 
36 
-1 
9 
-1 
7 
-1 
26 
-1 
29 
-1 
16 
-1 
19 
-1 
21 
-1 
21 
-1 
21 
-1 
21 
-1 
21 
-1 
22 
-1 
234 
-1 
238 
-1 
238 
-1 
42 
-1 
125 
-1 
125 
-1 
124 
-1 
146 
-1 
180 
-1 
187 
-1 
187 
-1 
187 
-1 
187 
-1 
186 
-1 
186 
-1 
186 
-1 
186 
-1 
187 
-1 
138 
-1 
108 
-1 
125 
-1 
125 
-1 
125 
-1 
125 
-1 
125 
-1 
125 
-1 
125 
-1 
125 
-1 
125 
-1 
125 
-1 
125 
-1 
125 
-1 
125 
-1 
125 
-1 
125 
-1 
125 
-1 
125 
-1 
125 
-1 
125 
-1 
125 
-1 
125 
-1 
125 
-1 
125 
-1 
125 
-1 
125 
-1 
125 
-1 
125 
-1 
125 
-1 
125 
-1 
125 
-1 
125 
-1 
125 
-1 
125 
-1 
125 
-1 
125 
-1 
125 
-1 
125 
-1 
125 
-1 
125 
-1 
125 
-1 
125 
-1 
125 
-1 
125 
-1 
125 
-1 
125 
-1 
125 
-1 
121 
-1 
105 
-1 
154 
-1 
143 
-1 
139 
-1 
183 
-1 
182 
-1 
182 
-1 
183 
-1 
182 
-1 
183 
-1 
141 
-1 
155 
-1 
110 
-1 
125 
-1 
125 
-1 
66 
-1 
43 
-1 
36 
-1 
36 
-1 
41 
-1 
76 
-1 
112 
-1 
126 
-1 
126 
-1 
126 
-1 
126 
-1 
125 
-1 
125 
-1 
124 
-1 
124 
-1 
138 
-1 
176 
-1 
181 
-1 
158 
-1 
100 
-1 
125 
-1 
125 
-1 
125 
-1 
125 
-1 
78 
-1 
90 
-1 
92 
-1 
95 
-1 
83 
-1 
41 
-1 
61 
-1 
1 
-1 
27 
-1 
28 
-1 
28 
-1 
55 
-1 
64 
-1 
125 
-1 
125 
-1 
125 
-1 
125 
-1 
125 
-1 
125 
-1 
125 
-1 
123 
-1 
155 
-1 
140 
-1 
139 
-1 
157 
-1 
99 
-1 
125 
-1 
125 
-1 
125 
-1 
125 
-1 
78 
-1 
94 
-1 
95 
-1 
85 
-1 
32 
-1 
49 
-1 
0 
-1 
4 
-1 
4 
-1 
4 
-1 
40 
-1 
125 
-1 
125 
-1 
125 
-1 
125 
-1 
125 
-1 
125 
-1 
124 
-1 
105 
-1 
143 
-1 
138 
-1 
138 
-1 
154 
-1 
106 
-1 
100 
-1 
125 
-1 
125 
-1 
125 
-1 
125 
-1 
73 
-1 
90 
-1 
86 
-1 
42 
-1 
34 
-1 
58 
-1 
51 
-1 
11 
-1 
12 
-1 
12 
-1 
56 
-1 
125 
-1 
125 
-1 
125 
-1 
125 
-1 
125 
-1 
125 
-1 
125 
-1 
125 
